CGPA,IQ,Profile Score,Placement
9.1,134,45,Yes
7.87,95,62,Yes
9.84,89,89,Yes
8.01,93,96,Yes
9.57,87,53,Yes
8.4,117,80,Yes
9.69,84,62,Yes
8.25,146,68,Yes
7.42,110,54,No
7.1,142,68,Yes
9.17,130,48,Yes
5.35,145,70,No
8.91,148,98,Yes
6.56,90,88,Yes
8.85,130,97,Yes
7.14,99,95,Yes
7.5,80,52,No
8.24,89,60,Yes
7.36,126,53,Yes
8.08,116,83,Yes
8.8,108,82,Yes
6.74,107,56,No
7.8,133,92,Yes
9.01,135,56,Yes
5.81,103,96,Yes
6.71,92,98,Yes
9.87,99,54,Yes
5.9,83,68,No
5.1,130,74,No
5.8,124,51,No
9.27,129,45,Yes
9.59,134,64,Yes
9.24,125,98,Yes
6.37,107,58,No
8.98,132,83,Yes
5.41,99,98,Yes
9.93,116,66,Yes
5.61,96,94,Yes
5.28,139,100,Yes
9.51,112,55,Yes
8.62,89,94,Yes
7.6,107,97,Yes
6.86,89,61,No
6.58,97,65,No
7.9,92,62,Yes
7.54,121,100,Yes
7.7,113,73,Yes
5.18,117,69,No
8.75,127,87,Yes
7.55,83,82,Yes
8.61,111,64,Yes
5.58,124,90,Yes
5.88,108,63,No
9.08,137,57,Yes
5.2,91,100,No
5.66,85,80,No
8.97,125,56,Yes
7.57,140,80,Yes
8.7,130,84,Yes
7.77,138,76,Yes
8.91,102,90,Yes
5.36,134,98,Yes
8.75,107,62,Yes
6.97,92,70,No
6.21,87,96,Yes
5.92,137,43,No
7.03,88,95,Yes
5.89,134,97,Yes
7.77,136,54,Yes
9.59,135,87,Yes
5.6,143,56,No
8.94,130,47,Yes
9.62,118,74,Yes
6.8,143,80,Yes
8.01,132,88,Yes
9.94,82,64,Yes
7.9,93,85,Yes
5.95,92,98,Yes
5.61,129,81,Yes
5.22,86,88,No
9.17,99,47,Yes
8.67,127,99,Yes
5.23,142,47,No
6.14,97,98,Yes
9.34,88,71,Yes
7.44,82,59,No
5.75,114,94,Yes
5.47,85,82,No
8.1,107,100,Yes
9.72,128,46,Yes
6.93,140,42,No
8.12,127,49,Yes
7.21,116,58,Yes
8.94,94,84,Yes
7.97,113,66,Yes
5.74,126,55,No
7.46,128,99,Yes
9.01,136,83,Yes
5.79,142,64,No
6.0,113,68,No
